image_width: 1936
image_height: 1216
camera_name: stereo/left
camera_matrix:
  rows: 3
  cols: 3
  data: [1085.430101, 0.000000, 975.608505, 0.000000, 1082.746370, 622.087410, 0.000000, 0.000000, 1.000000]
distortion_model: plumb_bob
distortion_coefficients:
  rows: 1
  cols: 5
  data: [-0.145812, 0.079583, -0.001741, -0.000386, 0.000000]
rectification_matrix:
  rows: 3
  cols: 3
  data: [0.999814, -0.007075, -0.017922, 0.007115, 0.999972, 0.002183, 0.017906, -0.002310, 0.999837]
projection_matrix:
  rows: 3
  cols: 4
  data: [1063.094462, 0.000000, 973.252350, 0.000000, 0.000000, 1063.094462, 613.081535, 0.000000, 0.000000, 0.000000, 1.000000, 0.000000]