image_width: 1936
image_height: 1216
camera_name: stereo/right
camera_matrix:
  rows: 3
  cols: 3
  data: [1090.007568, 0.000000, 934.668423, 0.000000, 1086.503832, 614.828439, 0.000000, 0.000000, 1.000000]
distortion_model: plumb_bob
distortion_coefficients:
  rows: 1
  cols: 5
  data: [-0.135857, 0.063500, -0.002481, 0.000300, 0.000000]
rectification_matrix:
  rows: 3
  cols: 3
  data: [0.999881, -0.015350, -0.001238, 0.015347, 0.999880, -0.002256, 0.001273, 0.002237, 0.999997]
projection_matrix:
  rows: 3
  cols: 4
  data: [1063.094462, 0.000000, 973.252350, -842.561894, 0.000000, 1063.094462, 613.081535, 0.000000, 0.000000, 0.000000, 1.000000, 0.000000]